1627 1640
1631 1632
1632 1631
1640 1627
1677 1678
1677 4026
1678 1677
1679 1677
4026 1677
4026 1678
4740 4741
4740 9804
4741 4740
4741 9804
8200 8201
8201 8200
8333 8334
8334 8333
8334 8336
8336 8333
8336 8334
9253 9256
9256 9253
9275 9276
9275 9277
9275 9279
9276 9275
9276 9277
9276 9279
9277 9275
9277 9276
9277 9279
9279 9275
9279 9276
9279 9277
9804 4740
10443 18824
10443 18825
11427 11428
11427 11429
11427 11430
11428 11427
11428 11429
11428 11430
11429 11427
11429 11428
11429 11430
11430 11427
11430 11428
11430 11429
12064 176
12511 12512
12511 12514
12511 12515
12512 12511
12512 12514
12512 12515
12514 12511
12514 12512
12515 12511
12515 12512
12610 10080
12617 12615
12617 15740
12618 12615
12618 12617
12646 12647
12646 12648
12647 12646
12647 12648
12648 12646
12648 12647
15740 12617
15740 12618
18234 22153
18234 22154
18237 18903
18237 18905
18824 10443
18824 18825
18825 10443
18825 18824
18903 18905
18905 18903
18966 28776
20172 5357
20172 33416
20180 20178
20180 27739
20181 20178
20181 20180
20181 27739
21351 21352
21351 21353
21352 21351
21352 21353
21353 21351
21353 21352
22153 18234
22153 22154
22154 18234
22154 22153
22274 22276
22276 22274
24457 26026
24804 28010
26026 24457
27739 20178
27739 20180
28010 24804
28776 18966
33209 33211
33211 33209
33416 5357
33416 20172
34279 34281
34281 34279
34281 58754
34281 58755
34841 34842
34841 34843
34842 34841
34842 34843
34843 34841
34843 34842
34843 34845
34845 34841
34845 34843
38977 38978
38978 38977
44837 67530
47753 79765
48094 82797
50475 50476
50475 58974
50476 50475
50476 58974
52053 6459
56837 56838
56837 56839
56838 56837
56838 56839
56839 56837
56839 56838
57656 59891
58754 34279
58754 34281
58754 58755
58755 34279
58967 58968
58967 58969
58967 58970
58969 58967
58969 58968
58970 58967
58970 58968
58970 58969
58974 50475
59459 122645
59891 57656
60126 64722
60126 64723
63633 91014
63633 91015
64722 60126
64722 64723
67138 83102
67138 83104
67530 44837
67533 67534
67534 67533
69498 57140
76200 105975
79572 79573
79573 79572
79765 47753
80642 80643
80642 80644
80643 80642
80643 80644
80644 80642
80644 80643
81590 12615
82587 82588
82587 82589
82587 82590
82588 82587
82588 82589
82588 82590
82589 82587
82589 82588
82589 82590
82590 82587
82590 82588
82590 82589
82596 82597
82596 82599
82597 82596
82599 82596
82599 82597
82789 82790
82789 82791
82789 82792
82790 82789
82790 82791
82791 82789
82791 82790
82791 82792
82792 82789
82792 82791
82797 48094
83102 67138
83102 83104
83104 67138
83104 83102
83105 94252
83639 83640
83639 83642
83640 83639
83640 83642
83642 83639
83642 83640
83870 83871
83870 83872
83871 83870
83871 83872
83872 83870
83872 83871
84393 84394
84393 84395
84394 84393
84394 84395
84395 84393
84395 84394
84416 86113
86113 86114
86113 86115
86114 86113
86114 86115
86115 86113
86115 86114
87453 87455
87455 87453
89493 89494
89494 89493
89494 89495
89495 89493
89495 89494
91014 63633
91014 91015
91015 63633
91015 91014
91024 91025
91024 91026
91025 91024
91025 91026
91026 91024
91026 91025
94252 83105
94311 150648
94311 150649
95718 95719
95718 95720
95718 95721
95719 95718
95719 95720
95719 95721
95720 95719
95720 95722
95721 95718
95721 95719
99681 107655
100426 100427
100426 100428
100427 100426
100427 100428
100428 100426
100428 100427
103732 103734
103733 103732
103733 103734
103733 103735
103734 103732
103734 103735
103735 103732
103735 103734
105975 76200
106095 145232
106110 48094
106110 123122
106666 106670
106670 106666
107655 99681
108097 108098
108097 108099
108098 108097
108098 108099
108099 108097
108099 108098
109198 109199
109198 109200
109198 109202
109199 109198
109199 109200
109200 109198
109200 109199
109200 109202
109202 109198
109202 109199
109202 109200
109209 109210
109209 109211
109210 109209
109211 109209
109211 109210
109213 109214
109214 109213
109815 109816
109815 109817
109815 109819
109816 109815
109816 109817
109816 109819
109817 109815
109817 109816
109817 109819
109819 109815
109819 109817
112864 134126
112864 134127
112864 134129
113710 142854
114153 114155
114155 114153
114156 114153
114187 114191
114189 114187
114189 114191
114189 143564
114190 114187
114190 114191
114190 143564
114191 114187
114191 114190
114191 143564
114376 114377
114376 114378
114376 114379
114377 114376
114377 114378
114377 114379
114378 114376
114378 114377
114378 114379
114379 114376
114379 114377
116473 116475
116473 116476
116475 116473
116475 116476
116476 116473
116476 116475
117841 117842
117841 117843
117841 117845
117842 117843
117842 117845
117843 117842
117843 117845
117845 117842
117845 117843
118133 151157
118133 151158
120424 120425
120424 120426
120425 120424
120425 120426
120426 120424
122645 59459
123122 106110
123271 130952
123271 130953
130952 123271
130952 130953
130953 123271
130953 130952
132749 132750
132749 132752
132750 132749
132750 132752
132752 132749
132752 132750
132753 132754
132753 132755
132753 132756
132754 132753
132754 132755
132754 132756
132755 132753
132755 132754
132755 132756
132756 132754
132757 132753
132757 132754
132757 132755
133800 133801
133801 133800
134126 112864
134126 134127
134126 134129
134129 112864
134129 134126
134129 134127
134383 134385
134384 134383
134384 134385
134385 134383
134385 134384
134395 134396
134396 134395
134396 134397
134397 134395
134397 134396
134446 134447
134446 134448
134446 134449
134447 134446
134447 134448
134447 134449
134448 134446
134448 134447
134448 134449
134449 134446
134449 134447
134449 134448
135687 135688
135687 135689
135688 135687
135688 135689
135689 135687
135689 135688
139066 90049
141183 150641
141183 150642
142854 113710
143564 114187
143564 114189
143564 114191
144901 144899
145232 106095
146661 163838
150641 141183
150641 150642
150642 141183
150642 150641
150648 94311
150648 182969
150648 182970
150649 94311
151157 118133
151158 118133
151158 151157
151158 195792
151436 151437
151436 151438
151436 151439
151437 151436
151437 151438
151437 151439
151438 151436
151438 151437
151438 151439
151439 151436
151439 151438
151460 151461
151461 151460
151875 151877
151876 151875
151876 151877
151877 151875
151877 151876
152128 156752
154069 154070
154070 154069
155316 180401
156752 152128
156752 159777
158147 158149
158147 158150
158149 158147
158149 158150
158150 158147
158150 158149
159777 152128
159777 156752
160025 121377
160025 182994
161919 192777
163838 146661
163838 163839
163839 146661
163839 163838
164058 164059
164059 164058
164928 164930
164928 164932
164930 164928
164930 164932
164932 164928
164932 164930
166709 82777
166709 171944
167538 167539
167539 167538
167605 167606
167605 167607
167605 167608
167606 167605
167606 167608
167606 167609
167607 167605
167607 167606
167607 167608
167608 167605
167608 167606
167608 167607
167608 167609
167609 167606
167609 167608
170213 170215
170215 170213
170821 79136
170821 170823
170822 170821
170822 170823
170823 170821
170823 170822
170823 193277
171339 179925
171339 196673
171944 82777
171944 166709
171954 171956
171956 171954
171956 195268
172383 174124
172383 174126
172383 174127
174119 174120
174119 174121
174120 174119
174120 174121
174121 174119
174121 174120
174124 172383
174124 174127
174126 172383
174126 174124
174126 174127
174127 172383
174127 174124
177282 109198
177282 109199
177282 109202
177369 187214
177369 187215
177376 177377
177377 177376
179925 171339
179925 196673
180401 155316
182209 114187
182209 114191
182209 143564
182969 150648
182969 182970
182970 150648
182970 182969
182994 121377
182994 160025
183256 183258
183256 183259
183256 183260
183258 183256
183258 183259
183258 183260
183259 183256
183259 183258
183259 183260
183260 183256
183260 183258
183260 183259
185257 185258
185257 185259
185258 185257
185259 185257
185259 185258
186850 186851
186851 186850
186890 186891
186890 186892
186891 186890
186891 186892
186892 186890
186892 186891
187214 177369
187214 187215
187215 177369
187215 187214
191031 191032
191032 191031
191032 224456
192777 161919
193277 170821
193277 170823
195268 171954
195268 171956
195792 118133
195792 151158
196673 171339
196673 179925
196681 196682
196682 196681
199072 199074
199074 199072
199097 199099
199097 199100
199099 199097
199099 199100
199100 199097
199100 199099
208393 208395
208393 208397
208395 208393
208395 208397
208397 208393
208397 208395
208603 230201
208603 230202
210921 210922
210922 210921
212835 226058
213140 213141
213140 213142
213141 213140
213141 213143
213142 213140
213142 213143
213143 213140
213143 213142
213947 225861
215420 215423
215422 215420
215422 228095
215423 215420
215427 218402
215493 42132
215493 221019
215780 218639
215780 218640
216252 216253
216252 216254
216253 216252
216253 216254
216254 216252
216254 216253
217585 217587
217585 217588
217587 217585
217587 217588
217588 217585
217588 217587
218402 215427
218639 215780
218639 218640
218640 215780
218640 218639
221019 42132
221019 215493
223911 42132
224456 191031
224456 191032
224714 224716
224714 224718
224716 224714
224716 224718
224718 224714
224942 224943
224943 224942
224943 231169
225861 213947
226058 212835
226058 234070
226734 226735
226734 226736
226735 226734
226735 226736
226736 226734
226736 226735
226742 226743
226742 226744
226743 226742
226743 226744
226743 226745
226744 226742
226744 226745
226745 226743
227437 227438
227438 227437
228095 215422
230201 208603
230201 230202
230202 208603
230202 230201
231169 224942
231169 224943
233209 240539
234070 212835
234070 226058
234557 234558
234557 240155
234558 234557
234558 234559
234558 240155
234559 10080
234559 234557
235334 235335
235334 235337
235335 235337
235337 235334
235337 235335
236161 12615
238099 86193
238140 238141
238140 238142
238141 238140
238141 238142
238142 238140
238142 238141
238580 178871
238580 239443
239443 178871
239443 238580
239545 239546
239545 239547
239546 239545
239546 239547
239547 239545
239547 239546
240075 240076
240075 240077
240076 240075
240076 240077
240077 240075
240077 240076
240155 10080
240155 234557
240155 234558
240422 240423
240422 240424
240422 240425
240423 240422
240423 240424
240423 240425
240424 240422
240424 240423
240424 240425
240425 240422
240425 240423
240425 240424
240539 233209
240539 242267
241596 245283
242267 233209
242267 240539
242324 245998
242324 245999
242693 239545
242693 239546
242693 239547
243592 243593
243592 243595
243593 243592
243593 243595
243595 243592
243595 243593
245283 241596
245283 247059
245998 242324
245998 245999
245999 242324
245999 245998
247057 247125
247057 247126
247058 247125
247058 247126
247059 247061
247060 247059
247060 247061
247061 247059
247061 247060
247125 247057
247125 247058
247125 247126
247126 247057
247126 247058
247126 247125
247207 247208
247207 247210
247207 250585
247208 247207
247208 247210
247208 250585
247210 247207
247210 247208
247210 250585
250585 247207
250585 247208
250585 247210
252209 252228
252228 146479
252228 252209
252232 252233
252232 252235
252232 254647
252233 252232
252233 252235
252235 252232
252235 252233
252239 252240
252239 253129
252240 252239
252240 253129
253129 252239
253129 252240
253141 253143
253143 253141
254647 252232
254647 252233
254647 252235
256871 256873
256873 256871
256873 258064
256873 258065
258064 256871
258064 256873
258065 256871
258065 256873
260143 260144
260143 260145
260144 260143
260144 260145
260145 260143
260145 260144
260910 260972
260966 260967
260967 260966
260972 260910
261351 261352
261351 261361
261351 261372
261352 261351
261352 261361
261352 261371
261352 261372
261361 261351
261361 261352
261361 261372
261371 261351
261371 261352
261372 261351
261372 261352
261372 261361
261582 261583
261582 261593
261582 261594
261582 261595
261583 261582
261583 261584
261583 261595
261584 261588
261584 261590
261584 261598
261587 261582
261587 261590
261587 261599
261588 261584
261588 261598
261588 261605
261590 261582
261590 261584
261593 261582
261593 261583
261593 261594
261594 261582
261594 261584
261594 261593
261595 261582
261595 261583
261598 261584
261598 261588
261599 261584
261599 261606
261600 261603
261600 261604
261603 261600
261603 261604
261604 261600
261604 261603
261605 261584
261605 261588
261606 261584
261606 261588
261606 261599
261649 261653
261653 261649
261871 261872
261871 261873
261872 261871
261872 261873
261873 261871
261873 261872
